$ANSIBLE_VAULT;1.1;AES256
37613331373436633761386335636336666261633531376364333731653465376139303436303734
3038653134353630633264626565343431313465646333630a623664323063366435653435393662
33653435393632373730336464383732623637633733653465616561663766393037313531313065
3835346438666533310a363033636662373934653933326331653766656563363366643434623933
33336335333639383064343135656435323066373039666332383733303532393536326237313730
36313561616236353136383364663233623239393837326161393331313839626236356664326232
62656162363133326462396431333038393732343562316134323963386563373032333138343630
33623331343362376533376534383232313263623338306563346631396165386264323730383166
37383566633965653037393832306439303437353838393932363864396166336564643865306331
32303565373565336433303236313839386132373261366466613863303337316662643661613763
62656164613338346139306538323966613333336632343433666365623163633536336265363862
64633634373138333338373435383666666163646432633430333736616438656634393030343066
33316334336137613464613735626135623936393361356363313631663939666164633238663766
66376231383838643665343366613964653263633266653132353461383431653035396464306662
39666331393663653364396433346664343730663335386163396630386532353662616139643165
64613065313566656165326337373137653365353031373765363161613963653264646630376335
6635
